442
465
414
435
432
524
523
444
516
487
464
513
496
454
477
528
444
498
553
468
521
431
508
475
450
527
492
568
490
522
447
486
485
508
509
479
452
544
481
489
529
459
497
464
480
472
478
426
564
487
578
440
528
453
445
487
460
411
514
488
471
510
475
534
533
503
522
564
391
521
455
506
474
419
507
456
496
508
511
478
505
468
461
511
460
540
578
463
567
574
527
460
511
466
597
483
492
545
507
464
381
568
519
517
612
504
506
606
508
548
438
493
474
514
444
523
486
554
463
441
568
475
530
451
632
482
517
516
385
530
463
573
532
485
450
475
434
460
553
552
565
539
411
515
492
474
451
452
453
464
473
487
540
473
502
455
503
493
573
519
558
582
427
481
558
442
435
580
499
561
477
573
516
612
360
514
541
437
430
510
509
495
573
489
475
430
416
476
475
448
514
478
449
452
542
419
493
509
468
430
